{"basis":{"S12":["source","test","CI","branch","docs","memory","runtime","deploy","provider","script","API","state"],"I8":["authority","fail-closed","idempotency","effects","observability","recovery","frontier","future-bug"],"B96":["source:authority","source:fail-closed","source:idempotency","source:effects","source:observability","source:recovery","source:frontier","source:future-bug","test:authority","test:fail-closed","test:idempotency","test:effects","test:observability","test:recovery","test:frontier","test:future-bug","CI:authority","CI:fail-closed","CI:idempotency","CI:effects","CI:observability","CI:recovery","CI:frontier","CI:future-bug","branch:authority","branch:fail-closed","branch:idempotency","branch:effects","branch:observability","branch:recovery","branch:frontier","branch:future-bug","docs:authority","docs:fail-closed","docs:idempotency","docs:effects","docs:observability","docs:recovery","docs:frontier","docs:future-bug","memory:authority","memory:fail-closed","memory:idempotency","memory:effects","memory:observability","memory:recovery","memory:frontier","memory:future-bug","runtime:authority","runtime:fail-closed","runtime:idempotency","runtime:effects","runtime:observability","runtime:recovery","runtime:frontier","runtime:future-bug","deploy:authority","deploy:fail-closed","deploy:idempotency","deploy:effects","deploy:observability","deploy:recovery","deploy:frontier","deploy:future-bug","provider:authority","provider:fail-closed","provider:idempotency","provider:effects","provider:observability","provider:recovery","provider:frontier","provider:future-bug","script:authority","script:fail-closed","script:idempotency","script:effects","script:observability","script:recovery","script:frontier","script:future-bug","API:authority","API:fail-closed","API:idempotency","API:effects","API:observability","API:recovery","API:frontier","API:future-bug","state:authority","state:fail-closed","state:idempotency","state:effects","state:observability","state:recovery","state:frontier","state:future-bug"],"projection":"Z0 = Pi_B96(X)"},"V":["docker_failure_ok_leak","destructive_command_executor","docker_timeout_ambiguity","docker_output_validation","remove_runtime","suspend_runtime","replace_restore_remove_phase","host_failure_response","host_audit_evidence","manager_require_provisioner","manager_command_failure_record","ws05_health_projection_guard","focused_contract_tests","full_ws04_acceptance","dns_tls","real_secret_store","registry_release_evidence","db_p0_02_07","broad_ws05"],"E_by_order":{"2":[{"members":["docker_failure_ok_leak","remove_runtime"],"weight":1.0},{"members":["docker_failure_ok_leak","suspend_runtime"],"weight":1.0},{"members":["manager_require_provisioner","manager_command_failure_record"],"weight":0.9},{"members":["host_failure_response","host_audit_evidence"],"weight":0.9},{"members":["manager_command_failure_record","ws05_health_projection_guard"],"weight":1.0},{"members":["focused_contract_tests","destructive_command_executor"],"weight":0.8}],"3":[{"members":["docker_failure_ok_leak","destructive_command_executor","remove_runtime"],"weight":1.0},{"members":["docker_failure_ok_leak","destructive_command_executor","suspend_runtime"],"weight":1.0},{"members":["docker_timeout_ambiguity","destructive_command_executor","host_failure_response"],"weight":1.0},{"members":["docker_output_validation","destructive_command_executor","host_failure_response"],"weight":0.95},{"members":["remove_runtime","replace_restore_remove_phase","manager_command_failure_record"],"weight":1.0},{"members":["manager_require_provisioner","manager_command_failure_record","ws05_health_projection_guard"],"weight":1.0}],"4":[{"members":["remove_runtime","destructive_command_executor","host_failure_response","host_audit_evidence"],"weight":1.0},{"members":["suspend_runtime","destructive_command_executor","manager_command_failure_record","ws05_health_projection_guard"],"weight":1.0},{"members":["manager_require_provisioner","host_failure_response","manager_command_failure_record","ws05_health_projection_guard"],"weight":0.95},{"members":["focused_contract_tests","remove_runtime","suspend_runtime","replace_restore_remove_phase"],"weight":0.9}],"5":[{"members":["docker_failure_ok_leak","destructive_command_executor","host_failure_response","manager_command_failure_record","ws05_health_projection_guard"],"weight":1.0},{"members":["manager_require_provisioner","host_failure_response","host_audit_evidence","manager_command_failure_record","ws05_health_projection_guard"],"weight":1.0}]},"A_by_order":{"2":{"shape":[19,6],"nonzero":[[0,0],[4,0],[0,1],[5,1],[9,2],[10,2],[7,3],[8,3],[10,4],[11,4],[1,5],[12,5]]},"3":{"shape":[19,6],"nonzero":[[0,0],[1,0],[4,0],[0,1],[1,1],[5,1],[1,2],[2,2],[7,2],[1,3],[3,3],[7,3],[4,4],[6,4],[10,4],[9,5],[10,5],[11,5]]},"4":{"shape":[19,4],"nonzero":[[1,0],[4,0],[7,0],[8,0],[1,1],[5,1],[10,1],[11,1],[7,2],[9,2],[10,2],[11,2],[4,3],[5,3],[6,3],[12,3]]},"5":{"shape":[19,2],"nonzero":[[0,0],[1,0],[7,0],[10,0],[11,0],[7,1],[8,1],[9,1],[10,1],[11,1]]}},"L_H":{"shape":[19,19],"nonzero":[[0,0,0.62666667],[0,1,-0.13922468],[0,4,-0.16835876],[0,5,-0.18871284],[0,7,-0.03429972],[0,10,-0.03192348],[0,11,-0.03666794],[1,0,-0.13922468],[1,1,0.68817204],[1,2,-0.11973687],[1,3,-0.11670506],[1,4,-0.09466031],[1,5,-0.10610446],[1,7,-0.15152608],[1,8,-0.05273393],[1,10,-0.05769349],[1,11,-0.0662679],[1,12,-0.11020078],[2,1,-0.11973687],[2,2,0.66666667],[2,7,-0.1278275],[3,1,-0.11670506],[3,3,0.66666667],[3,7,-0.12459083],[4,0,-0.16835876],[4,1,-0.09466031],[4,4,0.66496599],[4,5,-0.05146976],[4,6,-0.18298636],[4,7,-0.04330993],[4,8,-0.06631976],[4,10,-0.05374597],[4,12,-0.07795788],[5,0,-0.18871284],[5,1,-0.10610446],[5,4,-0.05146976],[5,5,0.66452991],[5,6,-0.08265582],[5,10,-0.04518277],[5,11,-0.05189783],[5,12,-0.08738276],[6,4,-0.18298636],[6,5,-0.08265582],[6,6,0.70614035],[6,10,-0.08631119],[6,12,-0.12519335],[7,0,-0.03429972],[7,1,-0.15152608],[7,2,-0.1278275],[7,3,-0.12459083],[7,4,-0.04330993],[7,7,0.70772059],[7,8,-0.20266981],[7,9,-0.08550534],[7,10,-0.08725512],[7,11,-0.10022297],[8,1,-0.05273393],[8,4,-0.06631976],[8,7,-0.20266981],[8,8,0.68965517],[8,9,-0.05985503],[8,10,-0.04191758],[8,11,-0.04814736],[9,7,-0.08550534],[9,8,-0.05985503],[9,9,0.68290043],[9,10,-0.22207066],[9,11,-0.16105405],[10,0,-0.03192348],[10,1,-0.05769349],[10,4,-0.05374597],[10,5,-0.04518277],[10,6,-0.08631119],[10,7,-0.08725512],[10,8,-0.04191758],[10,9,-0.22207066],[10,10,0.68099788],[10,11,-0.25179407],[11,0,-0.03666794],[11,1,-0.0662679],[11,5,-0.05189783],[11,7,-0.10022297],[11,8,-0.04814736],[11,9,-0.16105405],[11,10,-0.25179407],[11,11,0.71078431],[12,1,-0.11020078],[12,4,-0.07795788],[12,5,-0.08738276],[12,6,-0.12519335],[12,12,0.63235294],[13,13,1.0],[14,14,1.0],[15,15,1.0],[16,16,1.0],[17,17,1.0],[18,18,1.0]]},"spectral_proxy":{"eigenvalues":[1.0,1.0,1.0,1.0,1.0,1.0,0.98963354,0.97562269,0.95507214,0.9247053,0.84808718,0.79608277,0.7121341,0.66666667,0.62808662,0.55759823,0.43141476,0.30311562,0.0],"spectral_gap_proxy":0.30311562,"trace":14.78821962},"Phi_names":["IG","BV","N","C","Adj","Risk","Cost","Scope","Fresh","VF","MI_p","VNE_p","lambda_p","Residual"],"trajectories":{"T1_destructive_executor":{"nodes":["destructive_command_executor","docker_timeout_ambiguity","docker_output_validation","remove_runtime","suspend_runtime","replace_restore_remove_phase"],"phi":[0.98,0.97,0.93,0.9,0.96,0.86,0.95,0.24,0.42,0.72,0.84,0.88,0.9,0.05],"disposition":"admit","U":4.095},"T2_host_evidence":{"nodes":["host_failure_response","host_audit_evidence","docker_timeout_ambiguity","docker_output_validation"],"phi":[0.9,0.88,0.82,0.88,0.91,0.83,0.87,0.22,0.35,0.76,0.76,0.84,0.88,0.06],"disposition":"admit","U":3.833},"T3_manager_projection_guard":{"nodes":["manager_require_provisioner","manager_command_failure_record","ws05_health_projection_guard","host_failure_response"],"phi":[0.94,0.95,0.9,0.93,0.94,0.84,0.91,0.25,0.4,0.78,0.82,0.86,0.92,0.05],"disposition":"admit","U":4.071},"T4_red_and_regression_tests":{"nodes":["focused_contract_tests","destructive_command_executor","manager_command_failure_record","ws05_health_projection_guard"],"phi":[0.83,0.78,0.86,0.8,0.89,0.96,0.88,0.2,0.3,0.8,0.72,0.74,0.85,0.04],"disposition":"admit","U":3.525},"T5_full_ws04_acceptance":{"nodes":["full_ws04_acceptance"],"phi":[0.62,0.58,0.5,0.45,0.4,0.3,0.12,0.98,0.2,0.18,0.22,0.36,0.24,0.76],"disposition":"reject","U":0.5175},"T6_dns_tls":{"nodes":["dns_tls"],"phi":[0.3,0.2,0.18,0.22,0.3,0.16,0.06,0.82,0.18,0.16,0.1,0.22,0.18,0.7],"disposition":"reject","U":-0.353},"T7_real_secret_store":{"nodes":["real_secret_store"],"phi":[0.46,0.38,0.32,0.34,0.36,0.2,0.08,0.94,0.22,0.2,0.14,0.3,0.24,0.74],"disposition":"reject","U":0.085},"T8_registry_release_evidence":{"nodes":["registry_release_evidence"],"phi":[0.4,0.32,0.25,0.3,0.44,0.24,0.1,0.86,0.28,0.24,0.16,0.28,0.22,0.68],"disposition":"reject","U":0.1515},"T9_db_p0_02_07":{"nodes":["db_p0_02_07"],"phi":[0.58,0.5,0.48,0.42,0.54,0.32,0.04,1.0,0.16,0.12,0.14,0.4,0.26,0.82],"disposition":"reject","U":0.394},"T10_broad_ws05":{"nodes":["broad_ws05"],"phi":[0.42,0.34,0.3,0.36,0.48,0.28,0.1,0.96,0.22,0.18,0.2,0.34,0.2,0.8],"disposition":"reject","U":0.006}},"K_D":[[1.000001,0.936833,0.985728,0.826649,0.003757,0.000323,0.001178,0.001369,0.002364,0.00134],[0.936833,1.000001,0.966209,0.930415,0.007472,0.000897,0.002789,0.003324,0.004905,0.003114],[0.985728,0.966209,1.000001,0.861138,0.00437,0.000407,0.001441,0.00168,0.00276,0.001619],[0.826649,0.930415,0.861138,1.000001,0.007856,0.001136,0.003164,0.00394,0.005261,0.003576],[0.003757,0.007472,0.00437,0.007856,1.000001,0.533325,0.843559,0.73363,0.935546,0.821088],[0.000323,0.000897,0.000407,0.001136,0.533325,1.000001,0.851718,0.893039,0.554882,0.805735],[0.001178,0.002789,0.001441,0.003164,0.843559,0.851718,1.000001,0.953015,0.839877,0.95552],[0.001369,0.003324,0.00168,0.00394,0.73363,0.893039,0.953015,1.000001,0.744066,0.942589],[0.002364,0.004905,0.00276,0.005261,0.935546,0.554882,0.839877,0.744066,1.000001,0.865022],[0.00134,0.003114,0.001619,0.003576,0.821088,0.805735,0.95552,0.942589,0.865022,1.000001]],"K_D_eigenvalues":[5.10837761,3.75530122,0.67216327,0.20664323,0.09507371,0.07323342,0.02998615,0.02768428,0.02359787,0.00794924],"VNE_p":1.10651271,"selection_parameters":{"omega":0.16,"xi":0.13,"epsilon":1e-06,"max_size":4},"top_subset_objectives":{"T1_destructive_executor|T2_host_evidence|T3_manager_projection_guard|T4_red_and_regression_tests":13.498753,"T1_destructive_executor|T2_host_evidence|T3_manager_projection_guard|T5_full_ws04_acceptance":10.619427,"T1_destructive_executor|T2_host_evidence|T3_manager_projection_guard|T9_db_p0_02_07":10.495943,"T1_destructive_executor|T3_manager_projection_guard|T4_red_and_regression_tests|T5_full_ws04_acceptance":10.383723,"T2_host_evidence|T3_manager_projection_guard|T4_red_and_regression_tests|T5_full_ws04_acceptance":10.266489,"T1_destructive_executor|T3_manager_projection_guard|T4_red_and_regression_tests|T9_db_p0_02_07":10.26023,"T1_destructive_executor|T2_host_evidence|T3_manager_projection_guard|T8_registry_release_evidence":10.253449,"T1_destructive_executor|T2_host_evidence|T3_manager_projection_guard|T7_real_secret_store":10.186951,"T2_host_evidence|T3_manager_projection_guard|T4_red_and_regression_tests|T9_db_p0_02_07":10.143005,"T1_destructive_executor|T2_host_evidence|T4_red_and_regression_tests|T5_full_ws04_acceptance":10.141614,"T1_destructive_executor|T2_host_evidence|T3_manager_projection_guard|T10_broad_ws05":10.10795,"T1_destructive_executor|T2_host_evidence|T3_manager_projection_guard":10.101956,"T1_destructive_executor|T2_host_evidence|T4_red_and_regression_tests|T9_db_p0_02_07":10.018127,"T1_destructive_executor|T3_manager_projection_guard|T4_red_and_regression_tests|T8_registry_release_evidence":10.017732,"T1_destructive_executor|T3_manager_projection_guard|T4_red_and_regression_tests|T7_real_secret_store":9.951234,"T2_host_evidence|T3_manager_projection_guard|T4_red_and_regression_tests|T8_registry_release_evidence":9.900511,"T1_destructive_executor|T3_manager_projection_guard|T4_red_and_regression_tests|T10_broad_ws05":9.872233,"T1_destructive_executor|T3_manager_projection_guard|T4_red_and_regression_tests":9.866236,"T2_host_evidence|T3_manager_projection_guard|T4_red_and_regression_tests|T7_real_secret_store":9.834013,"T1_destructive_executor|T2_host_evidence|T4_red_and_regression_tests|T8_registry_release_evidence":9.775631}}
